1
102
104
105
106
107
108
119
120
121
13
143
145
155
156
161
162
177
179
180
190
191
192
193
197
198
2
200
201
202
210
211
212
213
214
216
217
222
224
227
228
229
230
236
237
238
239
240
246
247
248
249
250
251
253
254
255
256
257
263
264
265
266
267
272
273
274
275
276
281
282
283
284
285
286
287
288
291
292
293
298
299
3
300
301
302
303
305
307
308
309
310
311
312
314
316
317
318
319
320
321
322
323
334
335
336
337
338
34
341
342
343
344
345
346
347
35
350
351
352
353
354
355
356
359
36
363
368
369
37
370
371
372
373
376
377
378
379
38
380
381
382
383
384
386
387
388
389
39
390
391
393
398
399
4
40
403
404
405
406
407
413
414
415
416
417
418
419
420
421
422
423
424
425
426
427
428
429
430
438
439
440
441
442
443
447
448
449
450
451
452
453
454
455
456
457
458
459
460
461
462
463
464
465
474
475
476
477
478
479
48
480
481
486
487
488
489
490
491
492
493
494
495
496
497
498
499
500
501
505
506
507
508
509
510
511
512
513
514
515
516
517
521
522
523
524
525
526
527
528
529
530
531
532
533
534
535
536
537
538
539
540
541
542
543
544
545
546
547
548
549
55
550
551
552
553
554
556
557
558
559
560
561
562
563
564
565
566
567
568
569
570
571
572
573
574
575
576
577
578
580
582
583
584
585
586
587
588
589
590
591
592
593
595
596
597
598
599
600
601
602
603
604
605
606
607
608
609
610
611
612
623
624
625
626
627
628
629
631
632
633
634
635
636
637
640
70
71
72
73
84
85
86
97
98
