71
84
85
86
87
88
94
97
100
102
105
107
109
119
120
121
122
123
124
125
127
130
133
134
142
143
144
145
155
156
161
162
166
167
168
169
170
171
176
177
178
179
180
181
187
188
190
191
192
193
197
200
201
202
206
207
210
211
212
213
214
215
216
217
218
219
221
222
223
224
226
227
230
231
232
236
238
239
240
245
246
249
250
251
252
253
254
255
256
263
266
267
268
269
275
276
277
278
280
282
283
284
285
286
287
288
289
290
291
292
297
298
299
302
303
304
305
307
308
310
311
312
313
314
316
317
318
319
320
321
322
323
324
326
327
333
334
335
337
338
339
340
341
342
343
350
351
352
353
354
355
356
358
359
360
362
363
367
368
369
370
371
372
373
377
382
383
384
386
388
389
390
391
392
395
396
397
398
399
403
404
405
406
407
408
412
413
414
418
420
421
423
424
425
426
427
428
429
432
433
438
439
442
443
444
447
448
449
450
451
452
453
454
455
456
463
464
465
468
474
479
480
481
482
483
484
485
486
487
488
489
490
491
492
500
501
505
506
507
509
510
516
517
519
520
521
522
523
524
525
536
537
538
539
540
541
542
543
544
545
546
552
554
556
557
558
559
560
561
562
582
584
585
586
587
594
595
596
597
598
609
632
633
634
