119
120
121
155
156
177
179
180
191
192
193
200
201
202
210
211
212
213
214
216
227
228
229
230
231
236
237
238
239
240
246
247
248
249
250
251
253
263
264
265
266
267
272
273
274
275
276
282
283
284
285
286
287
288
297
298
299
300
301
302
303
307
308
309
310
311
314
316
317
318
319
320
321
322
323
333
334
335
336
337
338
341
342
343
344
345
346
347
350
351
352
353
354
355
356
363
367
368
369
370
371
372
373
376
377
378
379
380
381
382
383
384
386
387
388
389
390
391
398
399
403
404
405
406
407
413
414
418
420
421
422
423
424
425
426
427
428
438
439
440
441
442
443
444
449
450
451
452
453
454
455
456
457
458
459
460
461
462
463
464
465
474
475
476
477
478
479
480
481
486
487
488
489
490
491
492
493
494
495
496
497
498
499
500
501
502
505
506
507
508
509
510
511
512
513
514
515
516
517
521
522
523
524
525
526
527
528
529
530
531
532
533
534
535
536
537
538
539
540
541
542
543
544
545
546
547
548
549
550
551
552
559
560
561
562
563
564
565
566
567
568
569
570
571
572
573
574
575
576
578
579
580
581
582
596
597
598
602
603
604
605
606
607
608
609
610
611
612
