1
2
3
4
5
6
7
8
9
10
11
12
13
14
15
16
17
18
19
20
21
22
23
24
25
26
27
28
29
30
31
32
33
34
35
36
38
39
40
41
42
43
44
45
46
47
48
49
50
51
52
53
54
55
56
57
58
59
60
61
62
63
64
65
66
67
68
69
70
71
72
83
84
85
86
92
93
94
95
96
97
98
99
100
101
102
103
104
105
106
107
119
120
121
122
123
124
127
134
142
143
145
155
156
161
162
166
168
169
170
177
179
180
181
190
191
192
193
197
200
201
202
206
210
211
212
213
214
216
217
219
220
221
222
224
226
227
228
229
230
232
236
237
238
239
240
246
247
248
249
250
251
252
253
254
255
256
257
263
264
265
266
267
272
273
274
275
276
277
280
281
282
283
284
285
286
287
288
289
290
291
292
293
297
298
299
300
301
302
303
305
307
308
309
310
311
312
314
316
317
318
319
320
321
322
323
324
325
326
327
333
334
335
336
337
338
341
342
343
344
345
346
347
348
350
351
352
353
354
355
356
357
358
359
360
362
363
367
368
369
370
371
372
373
376
377
378
379
380
381
382
383
384
386
387
388
389
390
391
392
393
395
396
397
398
399
403
404
405
406
407
413
414
415
416
417
418
419
420
421
422
423
424
425
426
427
428
429
430
438
439
440
441
442
443
444
447
448
449
450
451
452
453
454
455
456
457
458
459
460
461
462
463
464
465
474
475
476
477
478
479
480
481
486
487
488
489
490
491
492
493
494
495
496
497
498
499
500
501
502
505
506
507
508
509
510
511
512
513
514
515
516
517
518
521
522
523
524
525
526
527
528
529
530
531
532
533
534
535
536
537
538
539
540
541
542
543
544
545
546
547
548
549
550
551
552
553
554
555
556
557
558
559
560
561
562
563
564
565
566
567
568
569
570
571
572
573
574
575
576
577
578
579
580
581
582
583
584
585
586
587
588
589
590
591
592
593
594
596
597
598
599
600
601
602
603
604
605
606
607
608
609
610
611
612
620
621
622
623
624
625
626
627
628
629
632
633
634
635
636
637
638
639
640
